# "CreateBonds.num_bonds" "Frame" "Timestep"
1792 0 0 
811 1 100 
1003 2 200 
1010 3 300 
977 4 400 
946 5 500 
949 6 600 
966 7 700 
937 8 800 
945 9 900 
921 10 1000 
919 11 1100 
930 12 1200 
910 13 1300 
949 14 1400 
943 15 1500 
954 16 1600 
935 17 1700 
935 18 1800 
948 19 1900 
928 20 2000 
940 21 2100 
921 22 2200 
937 23 2300 
916 24 2400 
930 25 2500 
938 26 2600 
930 27 2700 
935 28 2800 
934 29 2900 
923 30 3000 
920 31 3100 
926 32 3200 
928 33 3300 
935 34 3400 
921 35 3500 
908 36 3600 
914 37 3700 
944 38 3800 
928 39 3900 
917 40 4000 
902 41 4100 
917 42 4200 
936 43 4300 
912 44 4400 
934 45 4500 
921 46 4600 
914 47 4700 
934 48 4800 
933 49 4900 
937 50 5000 
945 51 5100 
930 52 5200 
895 53 5300 
917 54 5400 
934 55 5500 
934 56 5600 
923 57 5700 
937 58 5800 
927 59 5900 
934 60 6000 
928 61 6100 
920 62 6200 
899 63 6300 
938 64 6400 
912 65 6500 
919 66 6600 
911 67 6700 
921 68 6800 
916 69 6900 
921 70 7000 
902 71 7100 
929 72 7200 
907 73 7300 
923 74 7400 
915 75 7500 
925 76 7600 
914 77 7700 
920 78 7800 
901 79 7900 
924 80 8000 
899 81 8100 
927 82 8200 
935 83 8300 
909 84 8400 
921 85 8500 
911 86 8600 
930 87 8700 
893 88 8800 
918 89 8900 
897 90 9000 
876 91 9100 
879 92 9200 
870 93 9300 
881 94 9400 
904 95 9500 
883 96 9600 
890 97 9700 
889 98 9800 
907 99 9900 
893 100 10000 
874 101 10100 
893 102 10200 
899 103 10300 
890 104 10400 
880 105 10500 
907 106 10600 
899 107 10700 
895 108 10800 
882 109 10900 
868 110 11000 
868 111 11100 
862 112 11200 
880 113 11300 
878 114 11400 
886 115 11500 
878 116 11600 
862 117 11700 
875 118 11800 
882 119 11900 
848 120 12000 
873 121 12100 
854 122 12200 
860 123 12300 
864 124 12400 
860 125 12500 
853 126 12600 
876 127 12700 
864 128 12800 
839 129 12900 
861 130 13000 
860 131 13100 
842 132 13200 
868 133 13300 
823 134 13400 
838 135 13500 
848 136 13600 
829 137 13700 
846 138 13800 
826 139 13900 
836 140 14000 
835 141 14100 
832 142 14200 
828 143 14300 
831 144 14400 
836 145 14500 
839 146 14600 
823 147 14700 
829 148 14800 
836 149 14900 
833 150 15000 
848 151 15100 
847 152 15200 
814 153 15300 
831 154 15400 
806 155 15500 
803 156 15600 
816 157 15700 
809 158 15800 
796 159 15900 
799 160 16000 
806 161 16100 
817 162 16200 
808 163 16300 
806 164 16400 
798 165 16500 
823 166 16600 
830 167 16700 
824 168 16800 
784 169 16900 
738 170 17000 
779 171 17100 
798 172 17200 
766 173 17300 
787 174 17400 
769 175 17500 
772 176 17600 
788 177 17700 
758 178 17800 
774 179 17900 
768 180 18000 
764 181 18100 
751 182 18200 
753 183 18300 
737 184 18400 
753 185 18500 
776 186 18600 
771 187 18700 
765 188 18800 
771 189 18900 
764 190 19000 
743 191 19100 
756 192 19200 
776 193 19300 
767 194 19400 
714 195 19500 
726 196 19600 
732 197 19700 
732 198 19800 
728 199 19900 
740 200 20000 
724 201 20100 
746 202 20200 
722 203 20300 
734 204 20400 
747 205 20500 
717 206 20600 
724 207 20700 
755 208 20800 
723 209 20900 
728 210 21000 
723 211 21100 
707 212 21200 
720 213 21300 
691 214 21400 
701 215 21500 
726 216 21600 
697 217 21700 
694 218 21800 
701 219 21900 
686 220 22000 
704 221 22100 
677 222 22200 
662 223 22300 
672 224 22400 
683 225 22500 
699 226 22600 
671 227 22700 
681 228 22800 
672 229 22900 
671 230 23000 
671 231 23100 
684 232 23200 
632 233 23300 
636 234 23400 
670 235 23500 
682 236 23600 
659 237 23700 
674 238 23800 
677 239 23900 
642 240 24000 
672 241 24100 
670 242 24200 
649 243 24300 
669 244 24400 
657 245 24500 
646 246 24600 
642 247 24700 
608 248 24800 
625 249 24900 
618 250 25000 
646 251 25100 
638 252 25200 
620 253 25300 
597 254 25400 
600 255 25500 
609 256 25600 
589 257 25700 
600 258 25800 
632 259 25900 
624 260 26000 
586 261 26100 
607 262 26200 
610 263 26300 
589 264 26400 
601 265 26500 
620 266 26600 
594 267 26700 
570 268 26800 
577 269 26900 
607 270 27000 
595 271 27100 
577 272 27200 
576 273 27300 
604 274 27400 
600 275 27500 
594 276 27600 
596 277 27700 
605 278 27800 
579 279 27900 
573 280 28000 
597 281 28100 
605 282 28200 
600 283 28300 
589 284 28400 
585 285 28500 
553 286 28600 
566 287 28700 
598 288 28800 
568 289 28900 
567 290 29000 
585 291 29100 
588 292 29200 
560 293 29300 
592 294 29400 
585 295 29500 
594 296 29600 
574 297 29700 
574 298 29800 
580 299 29900 
562 300 30000 
576 301 30100 
568 302 30200 
577 303 30300 
554 304 30400 
576 305 30500 
558 306 30600 
574 307 30700 
549 308 30800 
569 309 30900 
579 310 31000 
552 311 31100 
555 312 31200 
559 313 31300 
578 314 31400 
552 315 31500 
570 316 31600 
572 317 31700 
553 318 31800 
551 319 31900 
556 320 32000 
542 321 32100 
540 322 32200 
509 323 32300 
528 324 32400 
542 325 32500 
515 326 32600 
534 327 32700 
549 328 32800 
543 329 32900 
556 330 33000 
558 331 33100 
538 332 33200 
538 333 33300 
531 334 33400 
518 335 33500 
536 336 33600 
521 337 33700 
518 338 33800 
552 339 33900 
526 340 34000 
521 341 34100 
513 342 34200 
499 343 34300 
528 344 34400 
492 345 34500 
516 346 34600 
557 347 34700 
550 348 34800 
501 349 34900 
518 350 35000 
552 351 35100 
524 352 35200 
522 353 35300 
530 354 35400 
526 355 35500 
529 356 35600 
528 357 35700 
525 358 35800 
523 359 35900 
513 360 36000 
542 361 36100 
525 362 36200 
521 363 36300 
547 364 36400 
534 365 36500 
521 366 36600 
536 367 36700 
533 368 36800 
547 369 36900 
506 370 37000 
534 371 37100 
532 372 37200 
501 373 37300 
546 374 37400 
546 375 37500 
511 376 37600 
507 377 37700 
483 378 37800 
496 379 37900 
500 380 38000 
503 381 38100 
525 382 38200 
498 383 38300 
489 384 38400 
481 385 38500 
507 386 38600 
493 387 38700 
494 388 38800 
480 389 38900 
502 390 39000 
529 391 39100 
496 392 39200 
469 393 39300 
472 394 39400 
480 395 39500 
465 396 39600 
453 397 39700 
472 398 39800 
446 399 39900 
485 400 40000 
486 401 40100 
451 402 40200 
483 403 40300 
466 404 40400 
459 405 40500 
455 406 40600 
453 407 40700 
457 408 40800 
480 409 40900 
452 410 41000 
482 411 41100 
477 412 41200 
455 413 41300 
448 414 41400 
462 415 41500 
438 416 41600 
413 417 41700 
442 418 41800 
418 419 41900 
431 420 42000 
442 421 42100 
438 422 42200 
430 423 42300 
467 424 42400 
451 425 42500 
451 426 42600 
427 427 42700 
441 428 42800 
437 429 42900 
428 430 43000 
437 431 43100 
436 432 43200 
450 433 43300 
422 434 43400 
426 435 43500 
414 436 43600 
422 437 43700 
423 438 43800 
425 439 43900 
422 440 44000 
427 441 44100 
414 442 44200 
445 443 44300 
424 444 44400 
395 445 44500 
390 446 44600 
406 447 44700 
410 448 44800 
403 449 44900 
415 450 45000 
396 451 45100 
406 452 45200 
388 453 45300 
397 454 45400 
389 455 45500 
399 456 45600 
418 457 45700 
414 458 45800 
405 459 45900 
365 460 46000 
396 461 46100 
395 462 46200 
387 463 46300 
392 464 46400 
387 465 46500 
382 466 46600 
387 467 46700 
381 468 46800 
396 469 46900 
363 470 47000 
369 471 47100 
397 472 47200 
416 473 47300 
392 474 47400 
374 475 47500 
381 476 47600 
370 477 47700 
386 478 47800 
358 479 47900 
382 480 48000 
396 481 48100 
386 482 48200 
396 483 48300 
395 484 48400 
383 485 48500 
364 486 48600 
377 487 48700 
364 488 48800 
391 489 48900 
379 490 49000 
367 491 49100 
388 492 49200 
391 493 49300 
379 494 49400 
362 495 49500 
371 496 49600 
377 497 49700 
388 498 49800 
398 499 49900 
375 500 50000 
361 501 50100 
323 502 50200 
353 503 50300 
388 504 50400 
367 505 50500 
366 506 50600 
337 507 50700 
366 508 50800 
360 509 50900 
348 510 51000 
341 511 51100 
369 512 51200 
341 513 51300 
360 514 51400 
343 515 51500 
360 516 51600 
357 517 51700 
328 518 51800 
350 519 51900 
320 520 52000 
363 521 52100 
337 522 52200 
339 523 52300 
335 524 52400 
323 525 52500 
338 526 52600 
339 527 52700 
311 528 52800 
324 529 52900 
325 530 53000 
327 531 53100 
283 532 53200 
305 533 53300 
309 534 53400 
324 535 53500 
303 536 53600 
310 537 53700 
301 538 53800 
320 539 53900 
308 540 54000 
301 541 54100 
261 542 54200 
270 543 54300 
284 544 54400 
292 545 54500 
256 546 54600 
291 547 54700 
255 548 54800 
277 549 54900 
272 550 55000 
260 551 55100 
276 552 55200 
259 553 55300 
259 554 55400 
281 555 55500 
277 556 55600 
280 557 55700 
265 558 55800 
270 559 55900 
271 560 56000 
264 561 56100 
249 562 56200 
241 563 56300 
256 564 56400 
277 565 56500 
258 566 56600 
254 567 56700 
275 568 56800 
277 569 56900 
239 570 57000 
255 571 57100 
250 572 57200 
283 573 57300 
270 574 57400 
239 575 57500 
260 576 57600 
255 577 57700 
260 578 57800 
255 579 57900 
232 580 58000 
248 581 58100 
240 582 58200 
261 583 58300 
268 584 58400 
240 585 58500 
233 586 58600 
239 587 58700 
246 588 58800 
262 589 58900 
223 590 59000 
244 591 59100 
245 592 59200 
247 593 59300 
238 594 59400 
242 595 59500 
243 596 59600 
230 597 59700 
236 598 59800 
236 599 59900 
216 600 60000 
243 601 60100 
220 602 60200 
222 603 60300 
227 604 60400 
219 605 60500 
223 606 60600 
243 607 60700 
238 608 60800 
223 609 60900 
232 610 61000 
211 611 61100 
229 612 61200 
200 613 61300 
215 614 61400 
225 615 61500 
205 616 61600 
199 617 61700 
232 618 61800 
234 619 61900 
232 620 62000 
211 621 62100 
212 622 62200 
229 623 62300 
210 624 62400 
203 625 62500 
208 626 62600 
219 627 62700 
224 628 62800 
214 629 62900 
198 630 63000 
202 631 63100 
197 632 63200 
191 633 63300 
171 634 63400 
185 635 63500 
187 636 63600 
192 637 63700 
204 638 63800 
195 639 63900 
202 640 64000 
238 641 64100 
206 642 64200 
185 643 64300 
176 644 64400 
182 645 64500 
192 646 64600 
211 647 64700 
203 648 64800 
196 649 64900 
208 650 65000 
200 651 65100 
195 652 65200 
186 653 65300 
181 654 65400 
176 655 65500 
162 656 65600 
182 657 65700 
192 658 65800 
194 659 65900 
205 660 66000 
179 661 66100 
192 662 66200 
199 663 66300 
184 664 66400 
190 665 66500 
200 666 66600 
186 667 66700 
176 668 66800 
210 669 66900 
178 670 67000 
183 671 67100 
187 672 67200 
215 673 67300 
199 674 67400 
204 675 67500 
195 676 67600 
178 677 67700 
179 678 67800 
176 679 67900 
186 680 68000 
194 681 68100 
216 682 68200 
174 683 68300 
187 684 68400 
186 685 68500 
198 686 68600 
188 687 68700 
198 688 68800 
184 689 68900 
168 690 69000 
216 691 69100 
185 692 69200 
175 693 69300 
178 694 69400 
195 695 69500 
200 696 69600 
193 697 69700 
195 698 69800 
202 699 69900 
189 700 70000 
210 701 70100 
195 702 70200 
190 703 70300 
214 704 70400 
204 705 70500 
217 706 70600 
222 707 70700 
195 708 70800 
185 709 70900 
178 710 71000 
197 711 71100 
194 712 71200 
199 713 71300 
191 714 71400 
208 715 71500 
213 716 71600 
195 717 71700 
196 718 71800 
199 719 71900 
210 720 72000 
181 721 72100 
205 722 72200 
178 723 72300 
172 724 72400 
185 725 72500 
216 726 72600 
225 727 72700 
202 728 72800 
195 729 72900 
194 730 73000 
188 731 73100 
189 732 73200 
169 733 73300 
206 734 73400 
185 735 73500 
188 736 73600 
186 737 73700 
186 738 73800 
188 739 73900 
190 740 74000 
166 741 74100 
166 742 74200 
197 743 74300 
193 744 74400 
188 745 74500 
172 746 74600 
183 747 74700 
188 748 74800 
198 749 74900 
177 750 75000 
180 751 75100 
191 752 75200 
181 753 75300 
168 754 75400 
192 755 75500 
185 756 75600 
179 757 75700 
179 758 75800 
167 759 75900 
197 760 76000 
173 761 76100 
169 762 76200 
178 763 76300 
174 764 76400 
196 765 76500 
204 766 76600 
188 767 76700 
209 768 76800 
197 769 76900 
196 770 77000 
183 771 77100 
176 772 77200 
202 773 77300 
188 774 77400 
201 775 77500 
180 776 77600 
200 777 77700 
183 778 77800 
185 779 77900 
175 780 78000 
164 781 78100 
176 782 78200 
173 783 78300 
182 784 78400 
162 785 78500 
155 786 78600 
180 787 78700 
179 788 78800 
185 789 78900 
184 790 79000 
210 791 79100 
181 792 79200 
172 793 79300 
168 794 79400 
203 795 79500 
193 796 79600 
162 797 79700 
175 798 79800 
177 799 79900 
168 800 80000 
164 801 80100 
180 802 80200 
167 803 80300 
190 804 80400 
195 805 80500 
178 806 80600 
179 807 80700 
209 808 80800 
177 809 80900 
189 810 81000 
161 811 81100 
175 812 81200 
196 813 81300 
176 814 81400 
166 815 81500 
191 816 81600 
173 817 81700 
180 818 81800 
160 819 81900 
194 820 82000 
182 821 82100 
199 822 82200 
213 823 82300 
198 824 82400 
199 825 82500 
175 826 82600 
177 827 82700 
183 828 82800 
169 829 82900 
181 830 83000 
159 831 83100 
201 832 83200 
194 833 83300 
167 834 83400 
180 835 83500 
204 836 83600 
220 837 83700 
189 838 83800 
174 839 83900 
187 840 84000 
183 841 84100 
178 842 84200 
170 843 84300 
164 844 84400 
172 845 84500 
175 846 84600 
188 847 84700 
188 848 84800 
165 849 84900 
171 850 85000 
159 851 85100 
187 852 85200 
184 853 85300 
185 854 85400 
168 855 85500 
188 856 85600 
200 857 85700 
185 858 85800 
192 859 85900 
210 860 86000 
183 861 86100 
194 862 86200 
181 863 86300 
183 864 86400 
182 865 86500 
189 866 86600 
200 867 86700 
184 868 86800 
188 869 86900 
179 870 87000 
192 871 87100 
174 872 87200 
186 873 87300 
174 874 87400 
195 875 87500 
182 876 87600 
177 877 87700 
182 878 87800 
184 879 87900 
171 880 88000 
150 881 88100 
180 882 88200 
184 883 88300 
168 884 88400 
180 885 88500 
176 886 88600 
177 887 88700 
159 888 88800 
174 889 88900 
173 890 89000 
166 891 89100 
164 892 89200 
168 893 89300 
178 894 89400 
162 895 89500 
184 896 89600 
182 897 89700 
177 898 89800 
184 899 89900 
190 900 90000 
183 901 90100 
164 902 90200 
178 903 90300 
170 904 90400 
178 905 90500 
188 906 90600 
186 907 90700 
181 908 90800 
186 909 90900 
185 910 91000 
180 911 91100 
172 912 91200 
164 913 91300 
182 914 91400 
169 915 91500 
175 916 91600 
163 917 91700 
156 918 91800 
166 919 91900 
177 920 92000 
178 921 92100 
160 922 92200 
170 923 92300 
175 924 92400 
176 925 92500 
164 926 92600 
165 927 92700 
182 928 92800 
177 929 92900 
175 930 93000 
171 931 93100 
177 932 93200 
167 933 93300 
185 934 93400 
167 935 93500 
176 936 93600 
163 937 93700 
176 938 93800 
184 939 93900 
193 940 94000 
197 941 94100 
160 942 94200 
188 943 94300 
165 944 94400 
181 945 94500 
157 946 94600 
182 947 94700 
154 948 94800 
158 949 94900 
178 950 95000 
158 951 95100 
169 952 95200 
170 953 95300 
159 954 95400 
180 955 95500 
170 956 95600 
190 957 95700 
180 958 95800 
171 959 95900 
174 960 96000 
162 961 96100 
164 962 96200 
151 963 96300 
175 964 96400 
180 965 96500 
172 966 96600 
175 967 96700 
181 968 96800 
188 969 96900 
188 970 97000 
186 971 97100 
198 972 97200 
182 973 97300 
185 974 97400 
200 975 97500 
182 976 97600 
187 977 97700 
183 978 97800 
167 979 97900 
175 980 98000 
188 981 98100 
158 982 98200 
151 983 98300 
173 984 98400 
164 985 98500 
183 986 98600 
171 987 98700 
189 988 98800 
167 989 98900 
168 990 99000 
164 991 99100 
191 992 99200 
188 993 99300 
191 994 99400 
167 995 99500 
171 996 99600 
179 997 99700 
166 998 99800 
185 999 99900 
202 1000 100000 
